4.2-git	sfmath	byrne/CUDA/model3d:	byrne@gpu3	Tue Dec  5 21:21:19 2023

	x2=1
	d2=0.00025
	n2=400
	o1=-0.05
	o2=-0.05
	data_format="native_float"
	esize=4
	in="/scratch/byrne/rr-3d_.rsf@"
	x1=0
	d1=0.00025
	n1=400
