4.2-git	sfmath	byrne/CUDA/acoustic_sp:	byrne@gpu3	Mon Jan  8 22:32:13 2024

	x2=1
	d2=0.00025
	n2=400
	o1=0.785397
	o2=0.785397
	data_format="native_float"
	esize=4
	in="/scratch/byrne/rr-3d_.rsf@"
	x1=0
	d1=0.00025
	n1=400
